def Scenario_1 ():
    import numpy as np
    print("Scenario Description:")
    print("Node 6 moved 3 units towards Node 3")
    edm_original = np.array([
        [99,3,7,5,7.5,6.5,8,8,11,4.5],
        [3,99,8.5,5.5,8,4,7,8.5,12,7],
        [7,8.5,99,4,3.5,9,8,6,6,4.5],
        [5,5.5,4,99,2.5,5,4.5,3.5,6.5,5],
        [7.5,8,3.5,2.5,99,7,4.5,2.5,4,6.5],
        [6.5,4,9,5,7,99,3.5,5.5,9.5,9.5],
        [8,7,8,4.5,4.5,3.5,99,2.5,6.5,9.5],
        [8,8.5,6,3.5,2.5,5.5,2.5,99,4,9.5],
        [11,12,6,6.5,4,9.5,6.5,4,99,9.5],
        [4.5,7,4.5,5,6.5,9.5,9.5,8.5,9.5,99]
    ])
    print("Original EDM:\n", edm_original)
    edm_attacked = np.array([
        [99,3,7,5,7.5,6.5,8,8,11,4.5],
        [3,99,8.5,5.5,8,4,7,8.5,12,7],
        [7,8.5,99,4,3.5,1,8,6,6,4.5],
        [5,5.5,4,99,2.5,5,4.5,3.5,6.5,5],
        [7.5,8,3.5,2.5,99,7,4.5,2.5,4,6.5],
        [6.5,4,1,5,7,99,3.5,5.5,9.5,9.5],
        [8,7,8,4.5,4.5,3.5,99,2.5,6.5,9.5],
        [8,8.5,6,3.5,2.5,5.5,2.5,99,4,9.5],
        [11,12,6,6.5,4,9.5,6.5,4,99,9.5],
        [4.5,7,4.5,5,6.5,9.5,9.5,8.5,9.5,99]      
    ])

    print("Attacked EDM\n", edm_attacked)
    return edm_original, edm_attacked